X : 0.3132302
Y : 0.2530175